     2.94307615
     2.91085236
     2.88588681
     2.86761870
     2.85548724
     2.84893163
     2.84739109
     2.85030481
     2.85711201
     2.86725189
     2.88016366
     2.89528653
     2.91205969
     2.92992237
     2.94831376
     2.96667307
     2.98443951
     3.00110027
     3.01654832
     3.03088069
     3.04419593
     3.05659263
     3.06816935
     3.07902465
     3.08925710
     3.09896524
     3.10822589
     3.11705811
     3.12547146
     3.13347550
     3.14107980
     3.14829391
     3.15512739
     3.16158981
     3.16768835
     3.17337997
     3.17857359
     3.18317619
     3.18709478
     3.19023634
     3.19250787
     3.19381636
     3.19406880
     3.19316060
     3.19092381
     3.18716892
     3.18170642
     3.17434681
     3.16490057
     3.15317818
     3.13899015
     3.12215279
     3.10303701
     3.08301729
     3.06357376
     3.04618656
     3.03233583
     3.02350171
     3.02116434
     3.02680385
     3.04175174
     3.06553735
     3.09649114
     3.13292192
     3.17313849
     3.21544964
     3.25816417
     3.29959088
     3.33803858
     3.37190757
     3.39992823
     3.42090533
     3.43364368
     3.43694804
     3.42962321
     3.41047397
     3.37830510
     3.33198690
     3.27274040
     3.20473160
     3.13231278
     3.05983618
     2.99165407
     2.93211871
     2.88558236
     2.85639728
     2.84825914
     2.85990221
     2.88779365
     2.92838899
     2.97814376
     3.03351346
     3.09095363
     3.14691978
     3.19787097
     3.24136271
     3.27759481
     3.30715769
     3.33064175
     3.34863741
     3.36173510
     3.37052522
     3.37559820
     3.37754636
     3.37699710
     3.37460842
     3.37103937
     3.36694898
     3.36299630
     3.35984035
     3.35814019
     3.35855485
     3.36155288
     3.36666522
     3.37313479
     3.38020445
     3.38711704
     3.39311543
     3.39744245
     3.39934098
     3.39805970
     3.39326413
     3.38530693
     3.37460490
     3.36157487
     3.34663367
     3.33019810
     3.31268500
     3.29451119
     3.27614602
     3.25862129
     3.24330999
     3.23158991
     3.22483881
     3.22443447
     3.23175467
     3.24817720
     3.27507952
     3.31276872
     3.35806700
     3.40708856
     3.45594760
     3.50075833
     3.53763497
     3.56269172
     3.57204278
     3.56191446
     3.53186509
     3.48526673
     3.42570043
     3.35674726
     3.28198828
     3.20500455
     3.12937714
     3.05868711
     2.99620367
     2.94308498
     2.89961383
     2.86607019
     2.84273404
     2.82988534
     2.82780408
     2.83677022
     2.85706182
     2.88858448
     2.93042869
     2.98157706
     3.04101220
     3.10771674
     3.18067329
     3.25886446
     3.34127288
     3.42684644
     3.51398435
     3.60064777
     3.68478569
     3.76434707
     3.83728089
     3.90153613
     3.95506175
     3.99580674
     4.02221043
     4.03488759
     4.03505602
     4.02393355
     4.00273801
     3.97268723
     3.93499903
     3.89089124
     3.84158564
     3.78852193
     3.73346746
     3.67821659
     3.62456368
     3.57430310
     3.52922920
     3.49113635
     3.46181891
     3.44282026
     3.43330002
     3.43110056
     3.43405036
     3.43997790
     3.44671165
     3.45208012
     3.45391177
     3.45003578
     3.43911294
     3.42225032
     3.40100251
     3.37692412
     3.35156974
     3.32649398
     3.30325143
     3.28339670
     3.26843784
     3.25872033
     3.25337360
     3.25146981
     3.25208114
     3.25427976
     3.25713784
     3.25972755
     3.26112106
     3.26059080
     3.25862625
     3.25617421
     3.25418226
     3.25359803
     3.25536911
     3.26044311
     3.26976763
     3.28428583
     3.30435465
     3.32916516
     3.35777059
     3.38922415
     3.42257907
     3.45688857
     3.49120588
     3.52458423
     3.55613091
     3.58569979
     3.61368888
     3.64050855
     3.66656918
     3.69228114
     3.71805478
     3.74430050
     3.77142864
     3.79962390
     3.82816821
     3.85611782
     3.88252896
     3.90645789
     3.92696085
     3.94309408
     3.95391383
     3.95849225
     3.95660240
     3.94897895
     3.93642618
     3.91974843
     3.89975000
     3.87723521
     3.85300837
     3.82787379
     3.80264972
     3.77827231
     3.75573699
     3.73603961
     3.72017607
     3.70914222
     3.70393395
     3.70554712
     3.71497615
     3.73240247
     3.75584375
     3.78296168
     3.81141791
     3.83887413
     3.86299199
     3.88143318
     3.89185936
     3.89202552
     3.88166874
     3.86242105
     3.83599029
     3.80408437
     3.76841114
     3.73067849
     3.69259429
     3.65586642
     3.62196552
     3.59106550
     3.56289944
     3.53720004
     3.51370002
     3.49213210
     3.47222897
     3.45372337
     3.43635091
     3.42012426
     3.40555741
     3.39321715
     3.38367023
     3.37748345
     3.37522357
     3.37745737
     3.38475163
     3.39759540
     3.41553551
     3.43749196
     3.46237343
     3.48908861
     3.51654615
     3.54365475
     3.56932307
     3.59245981
     3.61232303
     3.62943111
     3.64458653
     3.65859178
     3.67224932
     3.68636165
     3.70173124
     3.71916057
     3.73943079
     3.76255772
     3.78759840
     3.81354922
     3.83940656
     3.86416683
     3.88682642
     3.90638171
     3.92182910
     3.93247255
     3.93994010
     3.94692178
     3.95611307
     3.97020945
     3.99190640
     4.02389941
     4.06888395
     4.12955032
     4.20697906
     4.29836853
     4.40034363
     4.50952925
     4.62255027
     4.73603159
     4.84659811
     4.95087471
     5.04545062
     5.12626457
     5.18868688
     5.22806880
     5.23976153
     5.21911630
     5.16148434
     5.06221686
     4.91666509
     4.72230125
     4.48703752
     4.22199285
     3.93828705
     3.64703992
     3.35937127
     3.08640092
     2.83924866
     2.62897447
     2.46237420
     2.33921431
     2.25860467
     2.21965517
     2.22147569
     2.26317611
     2.34386631
     2.46265617
     2.61809360
     2.80270990
     3.00538661
     3.21495406
     3.42024258
     3.61008249
     3.77330414
     3.89873783
     3.97521516
     3.99616702
     3.96999810
     3.90815512
     3.82208485
     3.72323401
     3.62304935
     3.53297761
     3.46446554
     3.42875896
     3.43113203
     3.47002382
     3.54349887
     3.64962168
     3.78645676
     3.95206864
     4.14452183
     4.36188084
     4.60116234
     4.85228964
     5.10224472
     5.33800012
     5.54652836
     5.71480195
     5.82979342
     5.87847529
     5.84786557
     5.73383001
     5.55159740
     5.31895898
     5.05370596
     4.77362958
     4.49652107
     4.24017166
     4.02237256
     3.86007250
     3.75689828
     3.70584291
     3.69960307
     3.73087542
     3.79235664
     3.87674341
     3.97673240
     4.08502027
     4.19451108
     4.29902875
     4.39265227
     4.46946058
     4.52353267
     4.54894749
     4.53978403
     4.49012123
     4.39415984
     4.25283633
     4.07721237
     3.87918484
     3.67065059
     3.46350647
     3.26964934
     3.10097605
     2.96938347
     2.88567548
     2.85027566
     2.85787136
     2.90308950
     2.98055699
     3.08490077
     3.21074773
     3.35272482
     3.50545880
     3.66340349
     3.82050396
     3.97061218
     4.10758014
     4.22525982
     4.31750320
     4.37816226
     4.40108899
     4.38045004
     4.31827111
     4.22479850
     4.11066556
     3.98650564
     3.86295207
     3.75063820
     3.66019738
     3.60226296
     3.58584754
     3.61011343
     3.67052183
     3.76252732
     3.88158449
     4.02314792
     4.18267217
     4.35561183
     4.53741370
     4.72249951
     4.90325229
     5.07181403
     5.22032672
     5.34093235
     5.42577292
     5.46699042
     5.45672684
     5.38795871
     5.26518101
     5.10128499
     4.90935236
     4.70246481
     4.49370406
     4.29615182
     4.12288978
     3.98699965
     3.89842410
     3.85454961
     3.84962362
     3.87789356
     3.93360687
     4.01101099
     4.10435336
     4.20788141
     4.31584805
     4.42274752
     4.52340507
     4.61266997
     4.68539146
     4.73641880
     4.76060124
     4.75278803
     4.70782844
     4.62165661
     4.49938265
     4.35073056
     4.18545928
     4.01332777
     3.84409498
     3.68751986
     3.55336134
     3.45137220
     3.38785419
     3.35992431
     3.36318833
     3.39325204
     3.44572120
     3.51620159
     3.60029900
     3.69361920
     3.79179389
     3.89100552
     3.98796305
     4.07939649
     4.16203590
     4.23261130
     4.28785273
     4.32449022
     4.33925381
     4.32995244
     4.30029228
     4.25598436
     4.20274135
     4.14627591
     4.09230072
     4.04652845
     4.01467176
     4.00241205
     4.01246072
     4.04215472
     4.08826509
     4.14756289
     4.21681917
     4.29280499
     4.37229138
     4.45204941
     4.52892363
     4.60064977
     4.66555639
     4.72198277
     4.76826820
     4.80275196
     4.82377333
     4.82967160
     4.81878608
     4.79060575
     4.74876677
     4.69784015
     4.64239690
     4.58700803
     4.53624454
     4.49467745
     4.46687775
     4.45731166
     4.46668424
     4.49098870
     4.52592023
     4.56717406
     4.61044538
     4.65142939
     4.68582131
     4.70931634
     4.71803211
     4.71127842
     4.68982364
     4.65444369
     4.60591444
     4.54501179
     4.47251164
     4.38918987
     4.29582539
     4.19412964
     4.08806307
     3.98191835
     3.87998814
     3.78656511
     3.70594193
     3.64241126
     3.60026578
     3.58358644
     3.59259133
     3.62412358
     3.67491279
     3.74168852
     3.82118036
     3.91011791
     4.00523074
     4.10324843
     4.20104000
     4.29616074
     4.38637675
     4.46945418
     4.54315917
     4.60525788
     4.65351647
     4.68570107
     4.69960629
     4.69505387
     4.67520729
     4.64354218
     4.60353414
     4.55865881
     4.51239179
     4.46820871
     4.42958517
     4.39975464
     4.37935776
     4.36746240
     4.36311436
     4.36535940
     4.37324333
     4.38581193
     4.40211098
     4.42118629
     4.44210639
     4.46401397
     4.48606671
     4.50742234
     4.52723856
     4.54467308
     4.55888362
     4.56902788
     4.57429356
     4.57475936
     4.57152381
     4.56574133
     4.55856637
     4.55115333
     4.54465666
     4.54023076
     4.53903008
     4.54193599
     4.54798151
     4.55543324
     4.56255527
     4.56761173
     4.56886674
     4.56458442
     4.55302887
     4.53246929
     4.50216430
     4.46353775
     4.41830004
     4.36816159
     4.31483280
     4.26002407
     4.20544582
     4.15280844
     4.10381695
     4.06009091
     4.02318171
     3.99463884
     3.97601177
     3.96884998
     3.97470297
     3.99512022
     4.03165120
     4.08504033
     4.15246045
     4.23009437
     4.31412484
     4.40073463
     4.48610648
     4.56642316
     4.63786742
     4.69665702
     4.74094593
     4.77179865
     4.79051973
     4.79841374
     4.79678525
     4.78693882
     4.77017901
     4.74781039
     4.72113169
     4.69138617
     4.65978646
     4.62754487
     4.59587370
     4.56598526
     4.53909184
     4.51640576
     4.49913891
     4.48801122
     4.48229546
     4.48099965
     4.48313179
     4.48769991
     4.49371203
     4.50017615
     4.50610029
     4.51051737
     4.51308178
     4.51409805
     4.51390133
     4.51282673
     4.51120939
     4.50938445
     4.50768703
     4.50645227
     4.50595179
     4.50607123
     4.50655123
     4.50713213
     4.50755430
     4.50755809
     4.50688387
     4.50527200
     4.50246337
     4.49826851
     4.49263649
     4.48553277
     4.47692278
     4.46677197
     4.45504579
     4.44170969
     4.42672910
     4.41010780
     4.39237839
     4.37445900
     4.35727648
     4.34175769
     4.32882950
     4.31941876
     4.31445233
     4.31485708
     4.32140588
     4.33425571
     4.35340955
     4.37887041
     4.41064125
     4.44872509
     4.49312491
     4.54384369
     4.60085572
     4.66286919
     4.72685542
     4.78965990
     4.84812813
     4.89910558
     4.93943774
     4.96597011
     4.97554817
     4.96552001
     4.93748466
     4.89517865
     4.84235467
     4.78276545
     4.72016369
     4.65830209
     4.60093337
     4.55180830
     4.51360129
     4.48612205
     4.46870891
     4.46070022
     4.46143434
     4.47024959
     4.48648434
     4.50947693
     4.53851989
     4.57193275
     4.60710486
     4.64138829
     4.67213513
     4.69669746
     4.71242737
     4.71667694
     4.70679827
     4.68097788
     4.64196351
     4.59405349
     4.54154743
     4.48874493
     4.43994560
     4.39944907
     4.37155493
     4.36053490
     4.36801205
     4.39081642
     4.42527343
     4.46770845
     4.51444690
     4.56181417
     4.60613565
     4.64373674
     4.67118511
     4.68798576
     4.69559771
     4.69551529
     4.68923284
     4.67824472
     4.66404525
     4.64812878
     4.63198966
     4.61697555
     4.60390509
     4.59347766
     4.58639264
     4.58334941
     4.58504735
     4.59218584
     4.60546426
     4.62555209
     4.65204601
     4.68319872
     4.71717790
     4.75215125
     4.78628645
     4.81775121
     4.84471320
     4.86534012
     4.87805386
     4.88319716
     4.88199045
     4.87565870
     4.86542686
     4.85251989
     4.83816274
     4.82358038
     4.80999660
     4.79827675
     4.78842169
     4.78030458
     4.77379858
     4.76877686
     4.76511257
     4.76267887
     4.76134894
     4.76098775
     4.76131127
     4.76190524
     4.76235102
     4.76222998
     4.76112346
     4.75861284
     4.75427948
     4.74770473
     4.73861130
     4.72741758
     4.71475567
     4.70125770
     4.68755583
     4.67428220
     4.66206896
     4.65154825
     4.64334811
     4.63780327
     4.63476500
     4.63403941
     4.63543258
     4.63875064
     4.64379967
     4.65038578
     4.65831508
     4.66738381
     4.67728273
     4.68763862
     4.69807734
     4.70822477
     4.71770677
     4.72614923
     4.73317801
     4.73841903
     4.74167462
     4.74332139
     4.74385265
     4.74376169
     4.74354181
     4.74368631
     4.74468848
     4.74704162
     4.75122928
     4.75744512
     4.76555103
     4.77539069
     4.78680780
     4.79964607
     4.81374918
     4.82896083
     4.84512472
     4.86210020
     4.87985265
     4.89839143
     4.91772601
     4.93786589
     4.95882054
     4.98059946
     5.00321214
     5.02666637
     5.05064431
     5.07411535
     5.09595459
     5.11503709
     5.13023796
     5.14043227
     5.14449510
     5.14130155
     5.12980734
     5.11024328
     5.08385799
     5.05192846
     5.01573168
     4.97654462
     4.93564427
     4.89430762
     4.85381164
     4.81535081
     4.77975355
     4.74774680
     4.72005749
     4.69741258
     4.68053900
     4.67016368
     4.66701358
     4.67179785
     4.68424190
     4.70259239
     4.72497400
     4.74951140
     4.77432927
     4.79755230
     4.81730515
     4.83171250
     4.83911618
     4.83992028
     4.83566852
     4.82791661
     4.81822029
     4.80813528
     4.79921729
     4.79302207
     4.79110494
     4.79455473
     4.80308800
     4.81617028
     4.83326706
     4.85384386
     4.87736620
     4.90329958
     4.93110951
     4.96025209
     4.98994816
     5.01917250
     5.04688832
     5.07205879
     5.09364712
     5.11061651
     5.12193013
     5.12655120
     5.12372476
     5.11440890
     5.10020537
     5.08271707
     5.06354688
     5.04429771
     5.02657246
     5.01197400
     5.00209965
     4.99780640
     4.99847905
     5.00332831
     5.01156490
     5.02239955
     5.03504297
     5.04870588
     5.06259901
     5.07593306
     5.08791876
     5.09776683
     5.10468799
     5.10789296
     5.10659245
     5.09999719
     5.08731789
     5.06776528