  -0.001030209014621
  -0.002210921742489
  -0.003343991993548
  -0.004153700304327
  -0.004364327211358
  -0.004422551892645
  -0.007664648092093
  -0.018149288195082
  -0.039935144586989
  -0.077080889653194
  -0.131380216368438
  -0.195566900064906
  -0.260109736664148
  -0.315477522087707
  -0.352139052257134
  -0.361193037241603
  -0.336257843700806
  -0.271581752442059
  -0.161413044272685
   0.000000000000000
   0.211131376656093
   0.441344190325366
   0.652723822724996
   0.807355655572171
   0.867325070584078
   0.807355655572171
   0.652723822724996
   0.441344190325366
   0.211131376656097
   0.000000000000000
  -0.161413044272685
  -0.271581752442059
  -0.336257843700805
  -0.361193037241603
  -0.352139052257134
  -0.315477522087707
  -0.260109736664148
  -0.195566900064907
  -0.131380216368438
  -0.077080889653194
  -0.039935144586989
  -0.018149288195082
  -0.007664648092094
  -0.004422551892645
  -0.004364327211358
  -0.004153700304327
  -0.003343991993548
  -0.002210921742489
  -0.001030209014621
  -0.000077573273412
